0,278
0,317
0,316
0,283
24,3
24,2
0,9
24,1
24,0
23,52
23,51
23,50
23,49
23,48
23,47
23,46
23,45
23,44
23,43
23,42
23,41
23,40
23,39
23,38
23,37
23,36
17,2
17,1
17,3
15,2
15,1
15,3
16,2
16,1
16,3
13,2
14,2
4,16
4,17
4,26
4,40
4,4
4,83
4,31
4,28
4,22
4,21
4,15
4,82
4,1
4,72
4,2
4,3
6,6
6,1
6,4
6,2
6,3
7,7
7,8
7,4
7,9
7,13
7,6
7,1
7,5
7,2
7,3
5,4
5,2
5,1
5,3
23,35
3,2
10,118
10,75
10,171
10,184
10,2
10,3
11,12
11,5
11,10
11,2
11,3
9,4
9,6
9,2
9,3
8,7
8,11
8,2
8,3
12,2
12,1
12,3
20,2
20,1
20,3
19,2
19,1
19,3
18,1
18,3
14,1
14,3
13,1
13,3
2,2
2,1
2,3
11,30
11,29
11,28
11,27
11,26
11,25
11,24
11,23
11,22
11,1
11,21
10,314
10,313
10,312
10,311
